     6
     7
     8
     9
     6
     8
     5
     3
     7
    11
     8
     4
     2
     3
     4
     5
     7
     8
    12
    11
    12
     6
     2
     2
     3
     3
     5
     6
    13
    12
    21
     9
    11
    11
    10
     8
     5
     4
     4
     4
     2
     9
     8
     5
    10
    12
    11
     9
     4
     5
     5
    10
    14
     7
    11
    12
     7
     8
    14
     6
     4
     3
     4
     4
     7
     6
     9
     8
     2
     4
     3
     1
     3
     1
     4
     3
     5
     3
     8
    11
     7
     9
     5
     3
     6
     4
     5
     6
     7
     7
     3
     5
     5
     4
     4
     2
     3
     6
     3
     1
     3
     6
     5
     9
     9
     5
     6
     4
     6
     2
     4
     1
     6
     5
     3
     2
     2
     2
     9
     5